3 1 1
5 1 1
7 1 1
9 1 1
11 1 1
13 1 1
15 1 1
17 1 1
19 1 1
21 1 1
23 1 1
25 1 1
7 3 1
9 3 1
11 3 1
13 3 1
15 3 1
17 3 1
19 3 1
21 3 1
5 5 1
7 5 1
9 5 1
11 5 1
13 5 1
15 5 1
17 5 1
19 5 1
21 5 1
23 5 1
3 7 1
5 7 1
7 7 1 
9 7 1
11 7 1
13 7 1
15 7 1
17 7 1
19 7 1
21 7 1
23 7 1
25 7 1
1 8 1
27 8 1
29 8 1
3 9 1
5 9 1
7 9 1 
9 9 1
11 9 1
13 9 1
15 9 1
17 9 1
19 9 1
21 9 1
23 9 1
25 9 1
5 11 1
7 11 1 
9 11 1
11 11 1
13 11 1
15 11 1
17 11 1
19 11 1
21 11 1
23 11 1
7 13 1
9 13 1
11 13 1
13 13 1
15 13 1
17 13 1
19 13 1
21 13 1
3 15 1
5 15 1
7 15 1
9 15 1
11 15 1
13 15 1
15 15 1
17 15 1
19 15 1
21 15 1
23 15 1
25 15 1
9 3 2
11 3 2
13 3 2
15 3 2
17 3 2
19 3 2
9 5 2
11 5 2
13 5 2
15 5 2
17 5 2
19 5 2
9 7 2
11 7 2
13 7 2
15 7 2
17 7 2
19 7 2
9 9 2
11 9 2
13 9 2
15 9 2
17 9 2
19 9 2
9 11 2
11 11 2
13 11 2
15 11 2
17 11 2
19 11 2
9 13 2
11 13 2
13 13 2
15 13 2
17 13 2
19 13 2
11 5 3
13 5 3
15 5 3
17 5 3
11 7 3
13 7 3
15 7 3
17 7 3
11 9 3
13 9 3
15 9 3
17 9 3
11 11 3
13 11 3
15 11 3
17 11 3
13 7 4
15 7 4
13 9 4
15 9 4
14 8 5