1 1 1
13 1 1
15 1 1
17 1 1
1 3 1
3 3 1
11 3 1
13 3 1
15 3 1
17 3 1
19 3 1
1 5 1
3 5 1
5 5 1
9 5 1
11 5 1
13 5 1
15 5 1
17 5 1
19 5 1
21 5 1
1 7 1
3 7 1
5 7 1
7 7 1
9 7 1
11 7 1
13 7 1
15 7 1
17 7 1
19 7 1
21 7 1
23 7 1
1 9 1
3 9 1
5 9 1
7 9 1
9 9 1
11 9 1
13 9 1
15 9 1
17 9 1
19 9 1
21 9 1
23 9 1
1 11 1
3 11 1
5 11 1
9 11 1
11 11 1
13 11 1
15 11 1
17 11 1
19 11 1
21 11 1
1 13 1
3 13 1
11 13 1
13 13 1
15 13 1
17 13 1
19 13 1
1 15 1
13 15 1
15 15 1
17 15 1
1 2 2
13 2 2
15 2 2
17 2 2
1 4 2
3 4 2
11 4 2
13 4 2
15 4 2
17 4 2
19 4 2
1 6 2
3 6 2
5 6 2
9 6 2
11 6 2
13 6 2
15 6 2
17 6 2
19 6 2
21 6 2
1 8 2
3 8 2
5 8 2
7 8 2
9 8 2
11 8 2
13 8 2
15 8 2
17 8 2
19 8 2
21 8 2
23 8 2
1 10 2
3 10 2
5 10 2
9 10 2
11 10 2
13 10 2
15 10 2
17 10 2
19 10 2
21 10 2
1 12 2
3 12 2
11 12 2
13 12 2
15 12 2
17 12 2
19 12 2
1 14 2
13 14 2
15 14 2
17 14 2
13 4 3
15 4 3
17 4 3
11 6 3
13 6 3
15 6 3
17 6 3
19 6 3
3 8 3
9 8 3
11 8 3
13 8 3
15 8 3
17 8 3
19 8 3
21 8 3
11 10 3
13 10 3
15 10 3
17 10 3
19 10 3
13 12 3
15 12 3
17 12 3