17 1 1
15 2 1
19 2 1
13 3 1
17 3 1
21 3 1
11 4 1
15 4 1
19 4 1
23 4 1
9 5 1
13 5 1
17 5 1
21 5 1
25 5 1
7 6 1
11 6 1
15 6 1
19 6 1
23 6 1
27 6 1
1 7 1
3 7 1
5 7 1
9 7 1
13 7 1
17 7 1
21 7 1
25 7 1
29 7 1
31 7 1
33 7 1
7 8 1
11 8 1
15 8 1
19 8 1
23 8 1
27 8 1
9 9 1
13 9 1
17 9 1
21 9 1
25 9 1
11 10 1
15 10 1
19 10 1
23 10 1
13 11 1
17 11 1
21 11 1
15 12 1
19 12 1
17 13 1
17 2 2
15 3 2
19 3 2
13 4 2
17 4 2
21 4 2
11 5 2
15 5 2
19 5 2
23 5 2
9 6 2
13 6 2
17 6 2
21 6 2
25 6 2
7 7 2
11 7 2
15 7 2
19 7 2
23 7 2
27 7 2
9 8 2
13 8 2
17 8 2
21 8 2
25 8 2
11 9 2
15 9 2
19 9 2
23 9 2
13 10 2
17 10 2
21 10 2
15 11 2
19 11 2
17 12 2
17 3 3
15 4 3
19 4 3
13 5 3
17 5 3
21 5 3
11 6 3
15 6 3
19 6 3
23 6 3
9 7 3
13 7 3
17 7 3
21 7 3
25 7 3
11 8 3
15 8 3
19 8 3
23 8 3
13 9 3
17 9 3
21 9 3
15 10 3
19 10 3
17 11 3
17 4 4
15 5 4
19 5 4
13 6 4
17 6 4
21 6 4
11 7 4
15 7 4
19 7 4
23 7 4
13 8 4
17 8 4
21 8 4
15 9 4
19 9 4
17 10 4
17 5 5
15 6 5
19 6 5
13 7 5
17 7 5
21 7 5
15 8 5
19 8 5
17 9 5
17 6 6
15 7 6
19 7 6
17 8 6
17 7 7